-9.97037
-9.86509
-9.75981
-9.65453
-9.54925
-9.44397
-9.33869
-9.23341
-9.12813
-9.02284
-8.91756
-8.81228
-8.707
-8.60172
-8.49644
-8.39116
-8.28588
-8.1806
-8.07532
-7.97004
-7.86475
-7.75947
-7.65419
-7.54891
-7.44363
-7.33835
-7.23307
-7.12779
-7.02251
-6.91723
-6.81195
-6.70666
-6.60138
-6.4961
-6.39082
-6.28554
-6.18026
-6.07498
-5.9697
-5.86442
-5.75914
-5.65386
-5.54857
-5.44329
-5.33801
-5.23273
-5.12745
-5.02217
-4.91689
-4.81161
-4.70633
-4.60105
-4.49577
-4.39048
-4.2852
-4.17992
-4.07464
-3.96936
-3.86408
-3.7588
-3.65352
-3.54824
-3.44296
-3.33768
-3.23239
-3.12711
-3.02183
-2.91655
-2.81127
-2.70599
-2.60071
-2.49543
-2.39015
-2.28487
-2.17959
-2.0743
-1.96902
-1.86374
-1.75846
-1.65318
-1.5479
-1.44262
-1.33734
-1.23206
-1.12678
-1.0215
-0.916215
-0.810934
-0.705653
-0.600372
-0.495091
-0.389811
-0.28453
-0.179249
-0.0739679
0.031313
0.136594
0.241875
0.347156
0.452437
0.557718
0.662998
0.768279
0.87356
0.978841
1.08412
1.1894
1.29468
1.39996
1.50525
1.61053
1.71581
1.82109
1.92637
2.03165
2.13693
2.24221
2.34749
2.45277
2.55805
2.66334
2.76862
2.8739
2.97918
3.08446
3.18974
3.29502
3.4003
3.50558
3.61086
3.71614
3.82143
3.92671
4.03199
4.13727
4.24255
4.34783
4.45311
4.55839
4.66367
4.76895
4.87423
4.97952
5.0848
5.19008
5.29536
5.40064
5.50592
5.6112
5.71648
5.82176
5.92704
6.03232
6.13761
6.24289
6.34817
6.45345
6.55873
6.66401
6.76929
6.87457
6.97985
7.08513
7.19041
7.2957
7.40098
7.50626
7.61154
7.71682
7.8221
7.92738
8.03266
8.13794
8.24322
8.3485
8.45379
8.55907
8.66435
8.76963
8.87491
8.98019
9.08547
9.19075
9.29603
9.40131
9.50659
9.61187
9.71716
9.82244
9.92772
10.033
10.1383
10.2436
10.3488
10.4541
10.5594
10.6647
10.77
10.8752
10.9805
11.0858
11.1911
11.2964
11.4017
11.5069
11.6122
11.7175
11.8228
11.9281
12.0333
12.1386
12.2439
12.3492
12.4545
12.5597
12.665
12.7703
12.8756
12.9809
13.0861
13.1914
13.2967
13.402
13.5073
13.6125
13.7178
13.8231
13.9284
14.0337
14.139
14.2442
14.3495
14.4548
14.5601
