0 inf
0.1 inf
0.2 inf
0.3 inf
0.4 inf
0.5 inf
0.6 inf
0.7 inf
0.8 inf
0.9 inf
1 inf
1.1 inf
1.2 inf
1.3 inf
1.4 inf
1.5 2248.38
1.6 2174.36
1.7 2107.67
1.8 2047.47
1.9 1993.06
2 1943.84
2.1 1899.3
2.2 1859.01
2.3 1822.6
2.4 1789.73
2.5 1760.11
2.6 1733.49
2.7 1709.64
2.8 1688.36
2.9 1669.47
3 1652.8
3.1 1638.22
3.2 1625.59
3.3 1614.78
3.4 1605.7
3.5 1598.23
3.6 1592.3
3.7 1587.81
3.8 1584.68
3.9 1582.86
4 1582.26
4.1 1582.84
4.2 1584.53
4.3 1587.28
4.4 1591.04
4.5 1595.77
4.6 1601.43
4.7 1607.97
4.8 1615.36
4.9 1623.56
5 1632.54
5.1 1642.27
5.2 1652.72
5.3 1663.86
5.4 1675.67
5.5 1688.12
5.6 1701.19
5.7 1714.85
5.8 1729.1
5.9 1743.9
6 1759.23
