0 0
0.1 0
0.2 0
0.3 0
0.4 0
0.5 0
0.6 0
0.7 0
0.8 0
0.9 0
1 0
1.1 0
1.2 0
1.3 0
1.4 0
1.5 2.59791e-311
1.6 3.06916e-295
1.7 9.29854e-281
1.8 1.0985e-267
1.9 7.18809e-256
2 3.50613e-245
2.1 1.64256e-235
2.2 9.19178e-227
2.3 7.42222e-219
2.4 1.01979e-211
2.5 2.75515e-205
2.6 1.66288e-199
2.7 2.51072e-194
2.8 1.04892e-189
2.9 1.32697e-185
3 5.51236e-182
3.1 8.08905e-179
3.2 4.47962e-176
3.3 9.94073e-174
3.4 9.33568e-172
3.5 3.90012e-170
3.6 7.58645e-169
3.7 7.16507e-168
3.8 3.41478e-167
3.9 8.50937e-167
4 1.14574e-166
4.1 8.59277e-167
4.2 3.69223e-167
4.3 9.33117e-168
4.4 1.42127e-168
4.5 1.33473e-169
4.6 7.89441e-171
4.7 2.99981e-172
4.8 7.46115e-174
4.9 1.23608e-175
5 1.3866e-177
5.1 1.0696e-179
5.2 5.7567e-182
5.3 2.19163e-184
5.4 5.9789e-187
5.5 1.18317e-189
5.6 1.7182e-192
5.7 1.8512e-195
5.8 1.4952e-198
5.9 9.14304e-202
6 4.27255e-205
