0.000138503
4.44578e-05
1.42704e-05
4.58063e-06
1.47033e-06
4.71958e-07
1.51493e-07
4.86274e-08
1.56088e-08
5.01025e-09
1.60823e-09
5.16223e-10
1.65701e-10
5.31882e-11
1.70728e-11
5.48016e-12
1.75907e-12
5.64639e-13
1.81243e-13
5.81767e-14
1.8674e-14
5.99414e-15
1.92405e-15
6.17597e-16
1.98241e-16
6.36331e-17
2.04255e-17
6.55633e-18
2.1045e-18
6.75521e-19
2.16834e-19
6.96012e-20
2.23412e-20
7.17125e-21
2.30189e-21
7.38878e-22
2.37171e-22
7.61291e-23
2.44365e-23
7.84384e-24
2.51778e-24
8.08177e-25
2.59415e-25
8.32692e-26
2.67284e-26
8.57951e-27
2.75392e-27
8.83976e-28
2.83746e-28
9.1079e-29
2.92353e-29
9.38418e-30
3.01221e-30
9.66883e-31
3.10358e-31
9.96213e-32
3.19772e-32
1.02643e-32
3.29472e-33
1.05757e-33
3.39466e-34
1.08965e-34
3.49764e-35
1.1227e-35
3.60373e-36
1.15676e-36
3.71305e-37
1.19184e-37
3.82568e-38
1.228e-38
3.94173e-39
1.26525e-39
4.0613e-40
1.30363e-40
4.18449e-41
1.34317e-41
4.31142e-42
1.38392e-42
4.4422e-43
1.42589e-43
4.57695e-44
1.46915e-44
4.71579e-45
1.51371e-45
4.85884e-46
1.55963e-46
5.00622e-47
1.60694e-47
5.15808e-48
1.65568e-48
5.31454e-49
1.70591e-49
5.47576e-50
1.75765e-50
5.64186e-51
1.81097e-51
5.81299e-52
1.8659e-52
5.98932e-53
1.9225e-53
6.171e-54
1.98082e-54
6.35819e-55
2.0409e-55
6.55106e-56
2.10281e-56
6.74978e-57
2.1666e-57
6.95453e-58
2.23232e-58
7.16548e-59
2.30004e-59
7.38284e-60
2.3698e-60
7.60679e-61
2.44169e-61
7.83753e-62
2.51575e-62
8.07527e-63
2.59207e-63
8.32023e-64
2.67069e-64
8.57261e-65
2.75171e-65
8.83265e-66
2.83518e-66
9.10058e-67
2.92118e-67
9.37664e-68
3.00979e-68
9.66106e-69
3.10109e-69
9.95412e-70
3.19515e-70
1.02561e-70
3.29208e-71
1.05672e-71
3.39194e-72
1.08877e-72
3.49483e-73
1.1218e-73
3.60084e-74
1.15583e-74
3.71007e-75
1.19089e-75
3.82261e-76
1.22701e-76
3.93856e-77
1.26423e-77
4.05803e-78
1.30258e-78
4.18113e-79
1.34209e-79
4.30796e-80
1.3828e-80
4.43863e-81
1.42475e-81
4.57327e-82
1.46797e-82
4.712e-83
1.5125e-83
4.85493e-84
1.55838e-84
5.0022e-85
1.60565e-85
5.15394e-86
1.65435e-86
5.31027e-87
1.70454e-87
5.47136e-88
1.75624e-88
5.63732e-89
1.80951e-89
5.80832e-90
1.8644e-90
5.98451e-91
1.92096e-91
6.16605e-92
1.97923e-92
6.35308e-93
2.03926e-93
6.5458e-94
2.10112e-94
6.74436e-95
2.16486e-95
6.94894e-96
2.23053e-96
7.15973e-97
2.29819e-97
7.37691e-98
2.3679e-98
7.60068e-99
2.43973e-99
7.83123e-100
2.51373e-100
8.06879e-101
2.58998e-101
8.31354e-102
2.66855e-102
8.56572e-103
2.7495e-103
8.82556e-104
2.8329e-104
9.09327e-105
2.91883e-105
9.3691e-106
3.00737e-106
9.6533e-107
3.0986e-107
9.94612e-108
3.19259e-108
1.02478e-108
3.28943e-109
1.05587e-109
3.38921e-110
1.0879e-110
3.49202e-111
1.1209e-111
3.59795e-112
1.1549e-112
3.70708e-113
1.18993e-113
3.81953e-114
1.22603e-114
3.9354e-115
1.26322e-115
4.05477e-116
1.30153e-116
4.17777e-117
1.34101e-117
4.3045e-118
1.38169e-118
4.43507e-119
1.4236e-119
