0 inf
0.1 inf
0.2 inf
0.3 inf
0.4 inf
0.5 inf
0.6 inf
0.7 inf
0.8 inf
0.9 inf
1 inf
1.1 inf
1.2 inf
1.3 inf
1.4 inf
1.5 1430.3
1.6 1356.28
1.7 1289.59
1.8 1229.39
1.9 1174.98
2 1125.76
2.1 1081.22
2.2 1040.94
2.3 1004.52
2.4 971.652
2.5 942.033
2.6 915.412
2.7 891.562
2.8 870.282
2.9 851.391
3 834.727
3.1 820.144
3.2 807.511
3.3 796.706
3.4 787.622
3.5 780.157
3.6 774.221
3.7 769.73
3.8 766.607
3.9 764.781
4 764.186
4.1 764.762
4.2 766.451
4.3 769.202
4.4 772.965
4.5 777.696
4.6 783.352
4.7 789.892
4.8 797.28
4.9 805.481
5 814.461
5.1 824.191
5.2 834.64
5.3 845.782
5.4 857.59
5.5 870.041
5.6 883.11
5.7 896.777
5.8 911.019
5.9 925.818
6 941.155
